00c1ffd95fa94b2df7649c77a2c3299c.xls	4	3	[0.0, 0.0, 0.05, 0.15, 0.0]
0a053f8ebf74e698dbb716e409b23c07.xlsx	3	2	[0.0, 0.0, 0.21052631578947367, 0.05263157894736842, 0.05263157894736842]
0a1191c09da23781d479329d181215dd.xlsx	2	2	[0.0, 0.10526315789473684, 0.21052631578947367, 0.0, 0.0]
0a15a7b34b0a37f51461c8b4daa600d8.xls	4	3	[0.0, 0.0, 0.0, 0.08333333333333333, 0.0]
0a40cfbc1e94e0af7aa27af3bf7499b9.xls	2	1	[0.0, 0.1836734693877551, 0.04081632653061224, 0.0, 0.02040816326530612]
0a42dc3596a6cc2fdcd9e17c881bb3cb.xlsx	3	2	[0.0, 0.0, 0.3333333333333333, 0.0, 0.0]
0a49dece9a37cc99b2c5df696debe777.xls	3	2	[0.0, 0.0, 0.21621621621621623, 0.02702702702702703, 0.02702702702702703]
0a5703336b7d6a319c27f2ff3a647acd.xlsx	3	2	[0.0, 0.0, 0.17647058823529413, 0.0, 0.0]
0a57888374cd0ab6fd0fce15efe2fede.xlsx	3	2	[0.0, 0.0, 0.22727272727272727, 0.0, 0.0]
0a584eb392f316f378da99f97e4f7367.xls	2	1	[0.0, 0.024390243902439025, 0.0, 0.0, 0.0]
0a5925fadbbe6a40ae49eed08cc61b79.xlsx	2	2	[0.0, 0.0, 0.007874015748031496, 0.0, 0.0]
0a6252617cab486f19c6dc6243d17ae3.xlsx	3	2	[0.0, 0.0, 0.15217391304347827, 0.0, 0.0]
0a6793f207636f573928b9d529d881d7.xls	4	3	[0.0, 0.0, 0.0, 0.06896551724137931, 0.0]
0a67da8613e2c2531bb97bfba9bbf671.xls	2	1	[0.0, 0.16666666666666666, 0.0, 0.0, 0.0]
0a6cb221f92392b93651dc812a5c4a00.xlsx	2	1	[0.0, 0.05, 0.0, 0.0, 0.0]
0a748acb8a7bec90c1f95dbb7272d479.xls	2	1	[0.0, 0.13513513513513514, 0.0, 0.0, 0.0]
0a7b6d1eb87fb8dea1ddf4d1374e8b46.xls	2	1	[0.0, 0.06666666666666667, 0.0, 0.0, 0.0]
0a802a1b44a640c27aa727b38584396e.xlsx	2	1	[0.0, 0.2857142857142857, 0.0, 0.0, 0.0]
0a8991cb3af8063c565732adf9acb507.xlsx	4	3	[0.0, 0.0, 0.0, 0.25, 0.0]
0a96123c6154e40ae86c0228191d7f4d.xlsx	2	1	[0.0, 0.11764705882352941, 0.0, 0.0, 0.0]
0aa2ffa6728541e5dea4471eba4073e4.xlsx	4	3	[0.0, 0.0, 0.0, 0.14285714285714285, 0.0]
0aa72fc5da210411619682d10e23302f.xls	2	1	[0.0, 0.0967741935483871, 0.0, 0.0, 0.0]
0aa8acd149861f559ddbb8558e44d1fa.xlsx	2	1	[0.0, 0.19230769230769232, 0.0, 0.0, 0.0]
0ab8daeaf3206c0e6804f7f641c55973.xls	3	2	[0.0, 0.0, 0.2222222222222222, 0.0, 0.0]
0abffafb09b55044184e0079b1af9dbd.xlsx	4	3	[0.0, 0.0, 0.0, 0.3157894736842105, 0.0]
0ac1ca75be33edb000465129782d6b2a.xlsx	4	3	[0.0, 0.0, 0.0, 0.0625, 0.0]
0ac9bd1bf1c45e6490023a61f70edcf3.xlsx	5	4	[0.0, 0.0, 0.0, 0.0, 0.25]


accuracy:
0.9259259259259259
